0.0 1.35 -0.1194 0.0 1.9053469 0.11122312 
100.0 1.5250812 -0.38317882 0.0 1.904157 0.16382939 
200.0 1.5084385 -0.53038253 0.0 1.7319924 0.13704522 
300.0 1.4255975 -0.58479366 0.0 1.5533352 0.12273686 
400.0 1.3498736 -0.60101928 0.0 1.423538 0.11401468 
500.0 1.3198183 -0.61998489 0.0 1.3594951 0.11125273 
600.0 1.3372078 -0.63772582 0.0 1.3678351 0.11040956 
700.0 1.3714768 -0.65202053 0.0 1.4049374 0.11453117 
800.0 1.3649894 -0.65495459 0.0 1.3922735 0.11101001 
900.0 1.3386474 -0.66314573 0.0 1.3445744 0.10983661 
1000.0 1.3365958 -0.67844127 0.0 1.3262018 0.11003379 
2000.0 1.370909 -0.7118225 1.3442839 686.41 0.55906106 
3000.0 1.3800521 -0.72687425 1.3429452 1327.5073 0.97135332 
4000.0 1.3975321 -0.75487523 1.3411609 1983.4409 1.1730909 
5000.0 1.4211239 -0.79318313 1.3382363 2690.7271 1.3592092 
6000.0 1.4476378 -0.83615902 1.3350263 3458.7887 1.3137792 
7000.0 1.4639712 -0.86430355 1.3313787 4254.7986 1.6815448 
8000.0 1.485564 -0.90015454 1.327913 5019.9076 2.0017268 
9000.0 1.5119771 -0.9423296 1.3253525 5808.3914 2.0365367 
10000.0 1.5380915 -0.98404088 1.322808 6608.8605 2.4998796 
11000.0 1.547433 -1.000221 1.3206383 7357.4422 2.3440904 
12000.0 1.5679061 -1.0331667 1.3183985 8109.6926 2.3528371 
13000.0 1.5780111 -1.0498533 1.3168674 8868.8577 2.4479841 
14000.0 1.5899632 -1.0707217 1.3139249 9624.9087 2.5800103 
15000.0 1.621556 -1.1214979 1.3105321 10444.45 2.710028 
16000.0 1.6344444 -1.1417686 1.3095915 11191.989 2.8965629 
17000.0 1.6459718 -1.1610102 1.3076388 11972.243 2.8195619 
18000.0 1.6462259 -1.1610999 1.3079302 12731.817 2.9093502 
19000.0 1.6717027 -1.2037735 1.3034671 13519.513 2.9792494 
20000.0 1.6757261 -1.211182 1.3020929 14327.176 3.2197945 
21000.0 1.6857252 -1.2271598 1.301112 15123.448 3.012578 
22000.0 1.6888542 -1.2317556 1.301209 746.76644 3.2854936 
23000.0 1.6936257 -1.2403656 1.2997554 1524.4353 3.3419665 
24000.0 1.694168 -1.2400699 1.3008643 2302.4783 3.2612459 
25000.0 1.704605 -1.2574367 1.2991512 3067.788 3.3517827 
26000.0 1.7086321 -1.2641039 1.2985239 3836.9197 3.3249456 
27000.0 1.7068074 -1.2604628 1.2994283 4599.9454 3.3758545 
28000.0 1.7145536 -1.2732003 1.2983085 5379.1472 3.3237879 
29000.0 1.7199962 -1.2822866 1.2973852 6144.0726 3.5986173 
30000.0 1.7263237 -1.2938401 1.2953218 6902.7199 3.5334727 
31000.0 1.7328273 -1.3034057 1.2955104 7707.4967 3.4463746 
32000.0 1.7366788 -1.3091728 1.2955198 8456.6546 3.7259077 
33000.0 1.7213669 -1.2855176 1.29621 9260.5327 3.3430032 
34000.0 1.7346616 -1.3064054 1.2952619 10002.428 3.524929 
35000.0 1.7335946 -1.3053782 1.2946886 10782.654 3.3178609 
36000.0 1.7449583 -1.3236089 1.2935013 11548.033 3.5950418 
37000.0 1.7515421 -1.3340746 1.2929102 12355.772 3.4451314 
38000.0 1.7293586 -1.2980108 1.2957028 13110.906 3.438549 
39000.0 1.7439345 -1.3223625 1.2932124 13914.422 3.2815258 
40000.0 1.7340087 -1.3052388 1.2954491 14682.317 3.4247883 
41000.0 1.7264209 -1.2931146 1.2961931 15430.219 3.4967577 
