0.0 1.35 -4.1241917 0.0 -2.0994448 -3.1961613 
100.0 1.1872068 -3.770585 0.0 -1.9899974 0.50876678 
200.0 1.2623273 -3.7436709 0.0 -1.8504166 0.64576172 
300.0 1.3232893 -3.7100115 0.0 -1.7253256 0.77952968 
400.0 1.376056 -3.7037794 0.0 -1.6399534 0.84369178 
500.0 1.3804885 -3.6952486 0.0 -1.6247747 0.86182223 
600.0 1.3466801 -3.7003367 0.0 -1.680569 0.85207011 
700.0 1.3135776 -3.6912719 0.0 -1.7211517 0.87163831 
800.0 1.3301143 -3.696371 0.0 -1.701449 0.85570562 
900.0 1.3746192 -3.7187057 0.0 -1.6570346 0.85271001 
1000.0 1.3660209 -3.7049251 0.0 -1.6561499 0.89219675 
2000.0 1.360747 -3.7218253 -1.68096 909.06268 0.221699 
3000.0 1.3603462 -3.7219823 -1.681718 1727.7176 0.44192264 
4000.0 1.3830521 -3.7565748 -1.6822559 2543.8109 0.54882348 
5000.0 1.3743372 -3.7456142 -1.684366 3376.919 0.68832227 
6000.0 1.3910396 -3.7712717 -1.6849731 4171.5957 0.81534073 
7000.0 1.3892023 -3.7696923 -1.6861493 5003.4657 0.87202015 
8000.0 1.4047987 -3.7934546 -1.6865199 5796.273 0.87789162 
9000.0 1.398888 -3.7853891 -1.6873195 6583.7781 0.93751304 
10000.0 1.4071381 -3.7996724 -1.689229 7356.4892 1.0200868 
11000.0 1.4118921 -3.8055516 -1.6879782 8119.7498 1.1002665 
12000.0 1.4143489 -3.8100258 -1.6887676 8897.7949 0.99438881 
13000.0 1.4130068 -3.8076659 -1.6884207 9661.7035 1.0771837 
14000.0 1.4167851 -3.8138566 -1.6889447 10403.79 1.087386 
15000.0 1.4109168 -3.8053188 -1.6892081 11196.188 1.1203154 
16000.0 1.4161916 -3.814304 -1.6902822 11937.367 1.2410099 
17000.0 1.4161585 -3.8135799 -1.6896077 12686.641 1.181183 
18000.0 1.4154179 -3.812691 -1.6898296 13436.853 1.1533819 
19000.0 1.4121107 -3.8074319 -1.6895306 14206.153 1.1909703 
20000.0 1.4118989 -3.8077169 -1.6901333 14968.823 1.1478646 
21000.0 1.4205696 -3.8209665 -1.6903784 15727.298 1.1672912 
22000.0 1.4154097 -3.8130727 -1.6902235 742.08385 1.1350554 
23000.0 1.4121564 -3.8080819 -1.6901122 1496.6112 1.1257751 
24000.0 1.4103946 -3.8052239 -1.6898965 2245.7902 1.141427 
25000.0 1.4233334 -3.8248714 -1.6901383 2996.3196 1.1313538 
26000.0 1.4270339 -3.8314866 -1.6912034 3764.7327 1.1826898 
27000.0 1.4179977 -3.817736 -1.6910053 4549.1367 1.2001804 
28000.0 1.4206601 -3.8217877 -1.691064 5285.8695 1.2059167 
29000.0 1.4235629 -3.825926 -1.6908487 6061.8436 1.1437063 
30000.0 1.4140642 -3.8117708 -1.6909396 6847.0201 1.1770172 
31000.0 1.4065214 -3.7998302 -1.6903118 7597.0477 1.1516458 
32000.0 1.4181485 -3.8166926 -1.6897358 8367.8152 1.1021686 
33000.0 1.4177407 -3.8170709 -1.6907256 9107.5945 1.1142569 
34000.0 1.4133125 -3.8109287 -1.6912249 9871.9656 1.1423066 
35000.0 1.4206825 -3.821207 -1.6904496 10636.711 1.1282086 
36000.0 1.4094083 -3.8047704 -1.6909223 11414.674 1.1565106 
37000.0 1.4171992 -3.8159363 -1.6904033 12219.894 1.1260058 
38000.0 1.4029165 -3.7953425 -1.6912309 12988.91 1.1147835 
39000.0 1.4237926 -3.8261464 -1.6907245 13769.422 1.1255019 
40000.0 1.403068 -3.7947844 -1.6904454 14526.88 1.1892278 
41000.0 1.4191178 -3.8185392 -1.6901286 15304.315 1.1114559 
