0.0 1.35 -7.6089166 0.0 -5.5841698 13.54455 
100.0 0.73838027 -6.5514003 0.0 -5.4439683 19.020205 
200.0 0.80800783 -6.4397458 0.0 -5.2278856 19.756841 
300.0 0.90187787 -6.3280644 0.0 -4.9754167 20.516248 
400.0 1.0021587 -6.2017164 0.0 -4.6986662 21.366592 
500.0 1.1061992 -6.0685159 0.0 -4.4094245 22.267596 
600.0 1.1980652 -5.9211475 0.0 -4.1242744 23.228011 
700.0 1.283135 -5.7888019 0.0 -3.86434 24.093673 
800.0 1.3549222 -5.6905127 0.0 -3.6583834 24.740839 
900.0 1.4226345 -5.6830202 0.0 -3.5493352 24.860194 
1000.0 1.392539 -5.6707565 0.0 -3.5822091 24.90046 
2000.0 1.3670931 -5.696458 -3.6460748 1012.3008 0.11525231 
3000.0 1.3653072 -5.6938992 -3.6461944 1981.4601 0.23090224 
4000.0 1.382684 -5.7203135 -3.6465468 2934.6544 0.26462963 
5000.0 1.3683498 -5.6987231 -3.646455 3884.2254 0.20766026 
6000.0 1.3628338 -5.6898879 -3.6458927 4840.5424 0.27439151 
7000.0 1.3488949 -5.6691014 -3.646012 5818.0564 0.25439371 
8000.0 1.3545848 -5.6775321 -3.6459088 6814.286 0.26311194 
9000.0 1.3567647 -5.6809925 -3.6460999 7777.3341 0.25363035 
10000.0 1.357003 -5.681589 -3.6463389 8734.8146 0.21604862 
11000.0 1.3581453 -5.6829683 -3.646005 9679.7441 0.22211764 
12000.0 1.3737245 -5.7065307 -3.6462015 10648.437 0.25290532 
13000.0 1.3618243 -5.6886323 -3.6461511 11625.677 0.24331233 
14000.0 1.3696576 -5.7003152 -3.6460855 12608.554 0.24990241 
15000.0 1.3748619 -5.7080941 -3.646059 13571.36 0.30174062 
16000.0 1.3562632 -5.6798782 -3.6457376 14513.15 0.25793692 
17000.0 1.3562937 -5.6802454 -3.6460592 15466.238 0.29281415 
18000.0 1.3648 -5.6928956 -3.6459515 16458.795 0.26895808 
19000.0 1.3667777 -5.6960609 -3.6461507 17421.001 0.28238481 
20000.0 1.3635068 -5.6913451 -3.6463406 18382.212 0.26833604 
21000.0 1.3729003 -5.7050163 -3.6459232 19354.451 0.24253051 
22000.0 1.368065 -5.6981117 -3.6462706 957.75893 0.25870746 
23000.0 1.3592213 -5.684864 -3.6462869 1912.9359 0.26478576 
24000.0 1.3495588 -5.6699194 -3.6458342 2867.4385 0.27986608 
25000.0 1.3638273 -5.6916324 -3.6461471 3829.2943 0.25533493 
26000.0 1.3636061 -5.6909918 -3.6458384 4800.5828 0.21088685 
27000.0 1.3570436 -5.681403 -3.646092 5786.6419 0.21504256 
28000.0 1.3679666 -5.6977535 -3.6460601 6769.4409 0.19067066 
29000.0 1.3665128 -5.6955575 -3.6460445 7719.4852 0.23364772 
30000.0 1.3566733 -5.6805831 -3.6458275 8694.0814 0.25469949 
31000.0 1.3605122 -5.6863927 -3.6458795 9650.314 0.27572492 
32000.0 1.354252 -5.676903 -3.6457789 10630.804 0.2109733 
33000.0 1.3639335 -5.6912182 -3.6455737 11582.743 0.24129003 
34000.0 1.3643783 -5.6921773 -3.6458657 12528.233 0.29737838 
35000.0 1.3689713 -5.6991636 -3.6459634 13479.001 0.27976079 
36000.0 1.3614141 -5.6875546 -3.6456887 14429.785 0.27764902 
37000.0 1.3621591 -5.6890175 -3.6460343 15400.065 0.28838449 
38000.0 1.3718662 -5.7033794 -3.6458374 16380.552 0.29272007 
39000.0 1.3686571 -5.6987705 -3.6460415 17367.533 0.2602799 
40000.0 1.3566401 -5.6804414 -3.6457356 18355.057 0.23420355 
41000.0 1.3537315 -5.6756347 -3.6452913 19325.524 0.27014611 
