1.073300
1.158544
1.398281
1.685098
1.971036
2.212421
2.448556
2.676903
3.060505
3.483802
4.537744
3.500944
3.021617
2.721110
2.483181
2.176233
1.962428
1.738140
1.436368
1.169092
1.102963
1.182153
1.385546
1.646113
1.941468
2.209344
2.440937
2.787020
3.093267
3.670781
4.653096
3.687586
3.127667
2.769942
2.479983
2.220178
1.929319
1.621794
1.366986
1.177377
1.117704
1.211122
1.381457
1.667597
1.975398
2.297790
2.567789
2.920742
3.166464
3.632374
4.570118
3.556685
3.047437
2.720709
2.479077
2.221595
1.904787
1.607519
1.347827
1.184413
1.119604
1.205059
1.369967
1.618237
1.928995
2.224871
2.448688
2.793551
3.097252
3.562666
4.498678
3.536809
3.077742
2.733524
2.477527
2.208604
1.893243
1.629944
1.370488
1.193617
1.127262
1.207995
1.360581
1.609386
1.882397
2.131776
2.439350
2.703073
3.080397
3.577619
4.512095
3.596135
3.069158
2.747988
2.456306
2.190542
1.884320
1.609176
1.371108
1.204997
1.129016
1.219369
1.353945
1.572069
1.865719
2.130081
2.449366
2.762769
3.101832
3.544298
4.310123
3.452509
2.984978
2.689065
2.366495
2.106407
1.790477
1.546541
1.325338
1.190741
1.114780
1.200881
1.343218
1.554722
1.802478
2.087711
2.438504
2.723371
3.029338
3.422838
4.255167
3.367514
2.938752
2.587338
2.328917
2.009738
1.794172
1.550963
1.338206
1.191493
1.115775
1.200988
1.347226
1.543189
1.777462
2.031306
2.298582
2.582198
2.878589
3.334402
4.154168
3.413606
2.907156
2.564398
2.334547
2.014041
1.762185
1.494973
1.316214
1.192951
1.106589
1.181177
1.310920
1.472640
1.689626
1.947820
2.228531
2.595420
2.930584
3.416037
4.158746
3.361513
2.909085
2.576562
2.232718
1.975870
1.726532
1.511904
1.324462
1.190501
1.106350
1.182849
1.311257
1.468263
1.711043
1.944106
2.189013
2.472773
2.779745
3.246508
3.932008
3.218652
2.777432
2.489928
2.189582
1.915667
1.663516
1.464742
1.298061
1.183555
1.096042
1.178883
1.301858
1.479479
1.680764
1.909081
2.147232
2.378067
2.661782
3.112206
3.737675
3.116797
2.727569
2.409824
2.132493
1.866676
1.636498
1.444658
1.289338
1.162673
1.082236
1.156006
1.274361
1.402266
1.591581
1.833636
2.069492
2.344550
2.702523
3.136528
3.668769
3.020656
2.704409
2.393290
2.101648
1.895760
1.644554
1.438946
1.277110
1.157751
1.079956
1.153852
1.267916
1.401815
1.558497
1.755116
1.983248
2.262563
2.525505
2.889784
3.503023
2.929388
2.552411
2.245015
2.026522
1.766886
1.583591
1.410643
1.279521
1.156278
1.066677
1.133074
1.245732
1.387867
1.549172
1.772157
2.003504
2.307027
2.599696
2.906239
3.411013
2.887008
2.482563
2.218515
1.987458
1.778113
1.575588
1.393927
1.251258
1.141544
1.064579
1.133123
1.231752
1.364376
1.516763
1.692691
1.914181
2.154923
2.391052
2.776112
3.253559
2.760117
2.438285
2.210236
1.941576
1.720868
1.546849
1.395055
1.253093
1.138041
1.058957
1.119450
1.240618
1.357358
1.500359
1.673722
1.889166
2.141834
2.381282
2.675153
3.166952
2.701069
2.377955
2.096433
1.883568
1.697338
1.512256
1.354507
1.233171
1.133167
1.041072
1.105706
1.218198
1.341342
1.471969
1.663665
1.859805
2.115091
2.373855
2.639723
3.030430
2.589973
2.315383
2.071490
1.828103
1.631199
1.473156
1.336437
1.213138
1.113343
1.052415
1.122644
1.208498
1.314018
1.446267
1.618935
1.810640
2.006054
2.239037
2.531667
2.955727
2.550018
2.214027
1.993600
1.784752
1.604939
1.466808
1.328477
1.214481
1.112440
1.021016
1.089944
1.186068
1.292236
1.422179
1.593263
1.775968
1.961718
2.172248
2.472915
2.860822
2.483382
2.196293
1.969224
1.791151
1.599845
1.434842
1.296099
1.182205
1.082644
1.021789
1.083522
1.169128
1.264709
1.392737
1.536454
1.713507
1.905503
2.111827
2.408363
2.766217
2.399948
2.125417
1.907131
1.713866
1.547590
1.406457
1.280202
1.179143
1.084088
1.024372
1.086391
1.170883
1.258124
1.380094
1.516740
1.702724
1.858154
2.074043
2.347057
2.669540
2.317051
2.052090
1.858841
1.674178
1.516747
1.384716
1.264054
1.165171
1.086071
1.019925
1.077639
1.164933
1.272382
1.390448
1.505504
1.641170
1.795631
1.981078
2.233379
2.510267
2.227356
2.006713
1.825792
1.663970
1.525877
1.373800
1.256186
1.156652
1.073640
1.003475
1.062261
1.144341
1.240616
1.346566
1.463882
1.617332
1.790560
1.975546
2.183089
2.442459
2.178830
1.947213
1.757437
1.609687
1.489416
1.359434
1.248827
1.153652
1.069448
0.993067
1.056651
1.155381
1.247722
1.349433
1.470538
1.604363
1.767309
1.960121
2.155444
2.367962
2.104048
1.883018
1.734918
1.566384
1.440573
1.324089
1.224951
1.136567
1.048677
0.981411
1.038714
1.138532
1.234998
1.338828
1.448226
1.589309
1.705509
1.854325
2.059027
2.261303
2.037187
1.872644
1.714124
1.563688
1.438362
1.325622
1.225253
1.134478
1.044729
0.994159
1.052726
1.135944
1.218748
1.309448
1.421167
1.538857
1.660229
1.799493
1.977959
2.130748
1.996421
1.816142
1.694822
1.563384
1.442272
1.315853
1.230079
1.145289
1.049026
0.983790
1.045157
1.132666
1.219844
1.319303
1.424152
1.525262
1.657487
1.788946
1.949784
2.106640
1.923020
1.767545
1.650383
1.528870
1.407101
1.312768
1.230709
1.126193
1.040018
1.001845
1.052945
1.129872
1.208554
1.299668
1.395792
1.515631
1.643647
1.791038
1.923720
2.058098
1.913732
1.761973
1.631906
1.525470
1.416074
1.309912
1.212313
1.133320
1.054494
0.997449
1.056140
1.119905
1.197933
1.289256
1.384709
1.494893
1.596122
1.732161
1.875411
1.998170
1.858268
1.727349
1.606921
1.483702
1.372427
1.281743
1.198787
1.125321
1.047404
0.996624
1.043147
1.110148
1.193925
1.278358
1.372652
1.477144
1.575068
1.685206
1.811052
1.922717
1.804103
1.688573
1.585068
1.479778
1.385293
1.302970
1.223881
1.137415
1.053921
1.008889
1.058158
1.131126
1.199364
1.285442
1.389838
1.471020
1.570677
1.655839
1.764959
1.869429
1.768553
1.664064
1.551400
1.440234
1.354663
1.272084
1.204875
1.128735
1.060286
0.997878
1.054557
1.117721
1.195954
1.285643
1.365839
1.447390
1.535910
1.643794
1.739927
1.827957
1.725688
1.621109
1.528252
1.437485
1.348096
1.268044
1.187797
1.119479
1.050291
1.017105
1.064980
1.111961
1.183402
1.267652
1.336758
1.421879
1.508851
1.604707
1.718836
1.809678
1.709959
1.615432
1.509118
1.417967
1.340052
1.276009
1.205798
1.140882
1.075300
1.014257
1.065008
1.141522
1.220603
1.307710
1.374445
1.440264
1.517743
1.596900
1.675535
1.745339
1.663262
1.565274
1.484547
1.398840
1.337398
1.274693
1.206238
1.133963
1.064677
1.033522
1.075419
1.142010
1.210803
1.279679
1.348008
1.434442
1.521945
1.591091
1.677082
1.749258
1.673006
1.582587
1.507165
1.434237
1.353297
1.280771
1.214911
1.147270
1.087379
1.052996
1.094567
1.157838
1.217602
1.276550
1.335968
1.408733
1.468134
1.539019
1.626426
1.708418
1.639815
1.564081
1.485532
1.422983
1.349819
1.274483
1.224678
1.170091
1.102912
1.065528
1.115547
1.161676
1.232306
1.307518
1.370782
1.428238
1.500038
1.580877
1.652744
1.721484
1.660693
1.568641
1.483677
1.411458
1.348283
1.274751
1.214217
1.154304
1.105109
1.070085
1.119177
1.179915
1.234725
1.307068
1.351617
1.428798
1.501662
1.587902
1.657167
1.706768
1.633748
1.553561
1.487561
1.430398
1.367931
1.297077
1.238891
1.185700
1.120323
1.076154
1.116820
1.178014
1.232924
1.292412
1.354085
1.405307
1.479748
1.550235
1.606242
1.677587
1.626513
1.559858
1.496208
1.434900
1.376233
1.312690
1.240177
1.178660
1.120340
1.094233
1.130709
1.195063
1.252914
1.302312
1.355118
1.414962
1.474817
1.536646
1.599080
1.667212
1.611838
1.542877
1.483326
1.424562
1.364080
1.307853
1.253642
1.198998
1.139763
1.105970
1.148978
1.204747
1.258580
1.307364
1.361557
1.425209
1.482466
1.537252
1.602872
1.646943
1.610518
1.554651
1.493470
1.423808
1.370943
1.319931
1.257072
1.200217
1.147198
1.076797
1.117797
1.165885
1.213299
1.265588
1.305375
1.356318
1.405483
1.474042
1.535476
1.582422
1.543637
1.489641
1.423568
1.359989
1.302213
1.253786
1.203265
1.155155
1.101535
0.996784
1.031931
1.069214
1.111821
1.165448
1.215137
1.264393
1.313224
1.356104
1.406383
1.444135
1.402952
1.348022
1.299238
1.253186
1.210646
1.166953
1.120629
1.078885
1.034489
1.025705
1.053235
1.088173
1.125072
1.178123
1.234708
1.283133
1.333959
1.381654
1.442671
1.479183
1.443337
1.388420
1.345267
1.293963
1.245855
1.189420
1.145892
1.104096
1.056467
1.038517
1.070564
1.103617
1.142265
1.180327
1.226362
1.277748
1.330386
1.380027
1.439421
1.477850
1.443318
1.385093
1.340776
1.293867
1.232158
1.181623
1.137344
1.102616
1.070906
1.056693
1.086933
1.122847
1.157018
1.191157
1.241531
1.291671
1.341748
1.376152
1.431558
1.467007
1.420818
1.374561
1.326305
1.278144
1.229377
1.192168
1.148048
1.114148
1.079952
1.142545
1.171411
1.211669
1.259854
1.298294
1.329071
1.367680
1.416628
1.465728
1.508982
1.537686
1.497435
1.445279
1.408414
1.372072
1.332525
1.290790
1.247466
1.203614
1.175878
1.163246
1.195778
1.236024
1.283236
1.319708
1.366778
1.407885
1.442231
1.493353
1.555248
1.592890
1.558198
1.505687
1.453569
1.409353
1.364458
1.324552
1.270969
1.235484
1.194054
1.174206
1.205263
1.249857
1.293965
1.329739
1.371573
1.399683
1.443245
1.500257
1.543160
1.578215
1.540820
1.488245
1.434313
1.390461
1.346433
1.300754
1.279333
1.247210
1.206366
1.179031
1.206455
1.246400
1.288633
1.330819
1.373632
1.412897
1.456988
1.500453
1.543920
1.576462
1.536125
1.491758
1.451098
1.400097
1.358792
1.318758
1.287323
1.255512
1.207777
1.197994
1.219647
1.249625
1.282622
1.316763
1.362567
1.397222
1.436320
1.478424
1.515072
1.538528
1.515226
1.476629
1.435275
1.397162
1.365446
1.330997
1.299467
1.265321
1.224512
1.195513
1.222237
1.263894
1.300684
1.338786
1.376914
1.412468
1.441699
1.477644
1.516198
1.551474
1.523163
1.479404
1.435302
1.394207
1.361942
1.327942
1.291273
1.254281
1.219553
1.221079
1.246402
1.281947
1.318037
1.345520
1.368807
1.403578
1.437304
1.466033
1.494853
1.525968
1.495693
1.461854
1.439137
1.416935
1.374447
1.347508
1.312774
1.282711
1.242794
1.228397
1.248388
1.279079
1.307298
1.337080
1.372150
1.401948
1.435928
1.466032
1.497568
1.509864
1.491113
1.450305
1.418491
1.391207
1.362961
1.338585
1.313273
1.286953
1.255540
1.220509
1.249762
1.280769
1.306384
1.337117
1.361926
1.393996
1.422968
1.450043
1.486541
1.511139
1.477166
1.438993
1.417982
1.385624
1.348793
1.319621
1.300199
1.272412
1.240109
1.234877
1.256400
1.284163
1.311070
1.335060
1.359178
1.384817
1.415321
1.438060
1.470437
1.500144
1.468684
1.447272
1.418124
1.383551
1.365453
1.343990
1.322342
1.291599
1.263483
